$ANSIBLE_VAULT;1.1;AES256
38643739363564653164663231333865346234633035303231393863616431333936383339393661
6362633931303937623937343264353361663864376166320a303530356565663832326365636637
31623031396562363936323639333866643738623039376237303761643333613665346230616131
3763393261353966360a663066636261396536333766303532313238643464363139646262366263
63306162323035326230353733663737323431666565613064376362343335353866626438383239
64323733636536653361616136323564353638366436616135343734303430343765643361376639
35383636316531643666373263643561363734653332343334353033633334303262356230303137
63393934376166343639613666356431643637386339653464376363313535366664366531316630
64663433333032393438336538303330323161666631316664666139363239343533343737363462
61656639376231646439306238303931613135613566303639343334313162303763353635353534
66623065643634653831313463376338353562623961316662396532393866376561393033623964
38666137626363623965356237333265306430383838316539323562376662643462343339663865
63366335623064633431643239616137353362656232363966306261633331663435633738653430
66306236663364396561616636393235663762306133373466656261663134623135666461313931
33343534643862386234316531356663323439323264633065623638323236303862336362363362
38626131623532656466303665393363313137386133626363623566663961636333336133383032
66633563613866656634323232666664353763346435623332326434386631366235613933666163
35343036303032633830663436623662383334376539616263386239346331303232633433616535
33386337383361666163643264373031353139383164663164303631626132343530653831616161
32396231323130633039646630373761666438393734333233343931333432646665623534383565
62356662376165316261646562393166386131326566646134323863633535633263643066303163
35306633306539626565383564393433663866313735373237643436303639616662633737616635
30653861666132633639653865396238653436613330326236346137386562356362643636336534
63306533353163336131656366643963393464303237363663643265313530353733313761346338
35663431303165313362336464653734316435646137616439326231303437343065386262613265
66663130626439363663336630316638643266346161306338323135623232636436643363333762
37663266333233366634636636316638616334643038383864613730323735363763393130303339
30313765323063313638643431393332373033303830643733666437323132663135643338656434
34643838653638343362333032366663633730373632326531656438623064666133396234373464
38383938396636313366613865613766663437653931666532663939343536643461633966643037
34303636373466633936643962383937613865636231613464303334356637653432653464666161
30346134626434663230633532393362393039393266626637393664333365663130633062383238
32613337316230616432343565633832343666343766653463336464326536323635313035323265
33336163333832326663333535633539393562636463383032616636633465376334323732663664
61373433396466356138653565363264633631396233306363323937616236616539613764333866
31383361393665323937363432663933366530303834623465623839316335656565376330656534
61373930616330363962343738373034343635643638343563613838313666333434363236666162
36333239623061373263663931396133623730613062346338373066313937386137613465356338
36303662646332383561313638343630373234336566333661353165383364653432646134646432
63393936643233353765343766643065613865336438393663613761353862303666666537386266
35663064613730323666366661626335303134643532626337306533353134623334346232666363
39633732643561323963383761646632323537353430373535383231303535396533376233306661
62646131663531396365343032316437313236333537326461616262626531376131393835643635
33306437376165373961313433643437656330373032663736343937376636316233653562306639
63396431376230376662386234393237383335346432323532663933316166313764363465373364
35396530393261363433306139653533383966646365643735613130613035383863646164306234
33303136643263653163393737623433383735616161636130336566626439393839656431653666
31373063646434333531643835366337616464393162333531376166363865396636313961346132
63336263323736373730613666636434663537643039376630663064663364313437343536363735
34396334386639623637366631383265326265376164643939383431386363333238633132326363
39623961303337383335613563633336383435666336373263346439393636663639373065313432
34333536366133666563313439623263653363663364303237373730356139353832326666333331
62346562363338646633313165336438396162323036373234376333386132623266633437376262
39363262386663623630643838323364623438656332306437666131623265333666336433623935
343133363963356334343138393662663731
