$ANSIBLE_VAULT;1.1;AES256
66356665613534623361316638333966316362646165366663343634643065326561643162353433
3064363830666230313066376136356630323837343463340a656666373366333837303266313236
37666139623330343132313430363766393936396230316638653763653833633637636336623330
3463383632633266350a346462316337343838383966656535616365356533353265326632393037
37616263386139636537373131336661313935623265663938663361396231636431316239616233
65616664656137666633666264616237616666656337306262643166326164396435373435376566
39346636313239646331316136303739353538653561373663623866653436656161313164383436
61656431363962633462633137383664623939376561663638383235323862356563363130613733
31353561616166346462663063613031346663316538383936383330306465383035333634343364
66363363383063663436616431373437616465636639313137333862366538353835323034303431
66366538636133303930353530393763366231336163356162323763333264356264336231646164
64383339376337623262653562356466313634656235373038346438353938303365623566663536
33346635646164633865326230616436623862616533363761633230343139356433303630643237
62383830323363396563646232623666323663383036613939636138383832356431633330373431
30313862616433306530633062643662346562386237363665636238303832303732343435363035
37646338353231616137666535313066646235326664323032353730653631666664346635383662
63333335316661626265663166306664663466656638326531316161366535373139616263613631
61643365383534396561623339393865393638303061656365323134636130373439656337326537
37363732396264653636356363366132633562623739313237646565653433306563653830326235
33363333376464613665626261376366663138333536383237313465326266393963343130306565
35633338386535373132323235336234643335363638343561656430333431636638383364333534
64303136383731656535336635653332623162326135343836633864396666663461313961663065
35343262393033373131366239386436313261316566336338643533666665353636633239616530
65313130326362383762666461613138373264373635376335666638393034646664663831373237
36636338393933636663626264326363376363353962356232336238316535396362626436396137
37316237313165623862343430646139363837353963623232613839373563343736626238363162
34323038306161323732373964356332323132633337343438323336323862393864626539643831
37613566636233356262623031366531653430343266633563386465303432633138363763323438
35663662336536373934323138393337373065633361653231643830633263383735613930366139
33333539346361663363343966323732623163356637363638383137643639396261383963303933
34623935363638653433333638636462313561386330383362333732653562386165343264303362
32336164623161633030613462333832366439633035303366346530663565356665663966383534
36396235373165353265633335633062636163663663333337386338383363333863396639303430
31383131346534343366663366313264626137363865633539613830386434313734383236633130
66373361356462393630373137303832306364323933396332626437316239333330386636326365
65643430303536646666636630363934623237643033643563353530623431303833663461363761
32343032616638613336653961643239386434613639313231363439663839653233333631616537
33613636623238336261343963613035373136353839313037353234666161393335353334613535
39623132383938616439656261353039303532346531376636336638626664643332366336656366
36326432396637613830663331636165636633343465663735633764663935636534396362343431
39393464633465623835356132616139343465303939616165643163653963333364393964623662
63333332383737336637633437343937343639363936373938653836333434306239363562653031
65613037626534306364373135333262356233336531303563633434636639313566396265383938
65383931346436633433396430396164363064313066343434336461323339636666646435663538
64373334633938623331646566326263646638326634303735326138656138643630656363613161
30366236653333356139353135396132646239623131643735313431336537383337306564313764
39393138306665363234623162333464383534353037376664643032663438613163626665393566
31656361396430316631323065633932356532613965616234393136623463666162633630343662
33373062306431666230663939613938373538653932313433363661626335356336623938616430
30313938393633323239363961323732353262353539376134303838316464363237383862383337
66323137316261313061613364353333333930306162343636363530373063396230376361303265
36623934373438353066396136396264383036373932366535373666636237393464363538393633
66336665636135353338623062663035356262333832613235626633396134636637656664326535
39653239653332336161356130366462393436666431356565336130316536646236366533393333
61626539336139336135316339613933373038613264626661356533333834363536623432343337
36636662663931656538316465313633393064663266363535363634366335383732343065636431
33323031303934363563343039323537633932363666333735366134346465383032653333373665
35623932666462623363663336393739303839386566396536636130353535343963333264666138
38653034333566356337343234383839643230316533663936323032333266383763353833333739
31373138663738373661643363313539323862333736303736383430386666613765323538383430
65653837616238353135643439343431633864633939343032336332363963303531663565616634
63366662623565636462323934333465613835626166616537636633626162633838363561343931
31303461646432306363363133373137623361373834346161656165633937306563373837366636
66306639346165383338626431323465353237353639623533313036303435616437356564336435
31326361633336666466366161373165346665323136356366333230393136323134653330663933
61373033313036653830326239376666663433656333303761343264383038303130326265313031
61316530663237326633303237353631656664633830383732633338663131366162356662653366
39333939636665363864333137316433613361623134646663326632393133623937383964333138
36336437353639643731306235646439626331616333303261363838623933663232313933336436
32353763383432383038343830616565623439303932613437313663633133613238353263343262
38393233303665363633373361313430353265666234656462623039613061383733363337393434
33393166396532636339343037393662336266393066626532653637303832336165373463663339
30326565343361626639366562306566356339326137303833623534313035633361646436636662
36626533316137383961313362333134323334643565333964343265343838336662386161666664
33356630323135346461616438626163663864643366333435306532303162633730376636656531
38653134323638343065333138363334623038623532313436653330393837393931323239366463
62613765346332316463646264366562353334373862616362323836346163336530303763643235
35323435333839376530623030663066633837613838363537353832373136633062383761643932
33633966316633326435393136323832653333383539383532313036633364633139333230343433
37646638323237313935373663656439656561643066303736313665373531623133643630633037
38316531616434396463373764613765636331326263363435653532633537353136666138373336
63613266363637633764616264373938623933323563663230336235633861663837366662663361
31313837363038396235396531616433373535363761333739343865623838373236393231656634
35306437323437613730653938666636333438333864383264336164343835636637323838363439
65636162326339636565323364393830323363386439643034636336666337373336323539333364
30366466353535666531303135373435316436313032343831663430653963663932366566366531
36353037323038613131656539316334646230373263643430643836663562653564356638326135
33626638633961326139303466376330653538303564396430386631623235613332336566356432
64316134643166336630613062626438616366306236323332336533393933353737343566393136
33336364346666326431616231643033323763326662646266613864363835313337623662303031
30666139636237623063656466316532346663623364643138363332323631343961616330373633
34626362383332613666306461303661303263383066623339666136323939623032316335626263
39623030623638613831366330353564393462643165373764363066313832363538376139373437
31366433376363333832616234323162653366373931313734613765653832656437336135393532
61616462313863313338393534313361383335356163383662363839666136633339313231336563
38373539313036373262333831613433353164343135396161363665623763306536616661343332
64643662393730326239376139663863383363653135353765646139323738633263333761643636
62316334636436633764396332343238333734343262303663646637643938643966383433613239
32663736366562653862326264646335353337616665663435373764323831343864643561376637
33393664616335643739636463343163346436643336303931326466383963623763663135323538
30373561386166323039323835656263353862316530623133636534636233356662353437626133
34643164653165633137653937336331663664323466383061303737303738393334366264643562
37323031653735323531633137323464626535303262376161383266656134326363656338376363
35393261326165653030663130336432636230373935616165396661666166663039653131613037
35366533663662626163373836356661306164383262633034633535343430353762376130383737
39363632383338613665386561383237643633396463373534653839616363646434303935356135
61363231653431313130306162343138396435393665633433393362626538323361623839663837
62383063306235306135633865393265643162376665373261353263346539643831643439656631
65353232656462336231663635633061626133376235666439623138613062623335356364323539
64653566663933613135306239363138336364383961373565326537653632323061316163666661
35656636653664376332356661346664656464613362633432353835353933363461663636613333
37303038623361356431613233613735376535653734393266376664633863376663393335633637
36343766336464663639386632353936656564633038643235616635343935663036396234613064
37353734306633633236616630363432386535303662323738386538353134336631333362303134
31303836313661363666333133323430663065616161323565373437373766326266313865653736
66386632393662356666613931666366313331646236306637656431386534386330633639343365
37386232666531333930613163613864663161373065313162623739633466663538386263663761
63393335633234633866633165323562303135353263653636383734333533336334353663653631
64626134663566353336326330343638666263643831303462663535316335393037353538623061
33373437343463663731323133663465343439393737653737373030653864313961623436653736
64663339303835633833316563613965653832663934663561653836656166306266373132393633
61646236663565316138386330623063353061343430633234373566623634346638373465386266
65393335643461613666373731393338376236643061666664333933396134643163643035623965
31626131383533373562353561353538636631383637623033383336343239643539383435393838
30393066323161656535313361386562343665646433316662333838623037646236343732626465
39323732346635383230646436653435653731326535646463383664626331336664633932343038
34353735336232646537656364343933366433306433313236353630366339383539373836656539
38666137653831393430326337323637326638343866383137393634663534613136373266386531
62383936326562316432376437353839626239363562386564363362393738363765663533373434
36333434303230373065643530343636633737386461313337333066663364363931363365333633
39363336373763663465353839663863353262663463663162373236646430646364306562393233
62616634666230396630613833313933366162366639623431376631393530373636346236336436
39313833653136393261346235386237393666343261633963343766616335326331643263366530
66313465613433376166653836313535663966666562313831666638326338343535396338366261
32623361316134656663356666393335633161333163346163393235623036343562393437663232
36346236373131363761306165666534393937333532643433356239313436373838663236346335
35333533326535653161343534333632393839343731656664393033323138666161316364313533
33363530336539323461336139663735623163343566343536353833616432363232333537646531
36646464323964363539386631356633623561383064613235366332336439393936376662373735
33313233333164313535386666326433333462616336666466366263383631393831306639356165
30656331646137333836623934303632383038636263653632653630383530656334333335393864
62666464376662323262303365336233303436613562643436623535323361376565373931333366
34363361323964646161373139663537343838396261373039626330623935616231623264393333
64643034343836666236343363303064383665326639326266656539333836363663386331313265
38363932343438623837323030613035363732623762336465356664663864653461663739303336
64636265653962363138316364343131663036666334343434363039393636626461623237613933
32343830646633306265633832303739633333623137323839353130373036383233323635623934
64326434663861353434336462363035653164346364306333633235616531633734613363333332
39303963333136333930666432333236643635613561303335653562366632313966663933303031
66626566636631356263653538396538626466613635666639363737366666316336326131656531
38313762346564343966636661353331656465653866333638323633383235383933353961623136
35366430336465333131643764306364383332653361663862613834373364376639343038313062
65366332636564333436373834656136373739343739653438646234663435373731326562656636
32376262613361623631393436316433396630613233636261653965623266373938313732653664
32323137333738623136346233373364393139326534333834376139363462313166303632383035
39346431323836343038306537653563326665633464353836303438633536313463613061383864
32363863313536383633646232646139343064363230383533373833633262643762393964353439
36383561333434613162353166613137313134643838616235316562343539626438353137316632
65656333373663343335373830313439313664386635363838653936336131366365353431653036
35336461383131306138306135343337326433373661386536656538626133653635356438336630
33396235376439313437323034306232383065373762646235343138376665343163663665336562
61353339363765636662353830633963396634633065626661623231356561663263633939613764
35313238636530633631663439333433303435363035396631316161386437363062386535306231
30633865313066343765626464663633613737376530303066363962353535343837396430353138
35376536323264383834366637393035326563343835633632363465613361613836333135623961
63653339303462383866363839373465343630373564633835363863626161353966316661383938
61353761663935396638393230366135666137383863663238323131356664376462316438333434
38326663623934623130373031653830393934643835393765313162346366323761313833633030
35626463353133313561376238386666663336653534373539373162643334313531643363643166
32663235343533346263303862343234643562303838646530313839396437303133333231616132
39313263376166333465316164336661663433636661616636623761633564633833633236323063
64636235653931383539336535656366303562323136653134383065626335346432373437646566
38336161343065656437343464633831373435333835343730636564393939346333303565633633
63623639633933623832653930396330356363663463663637336532636465613034373639343235
66633130386462383735613034383937366634636337313234666533343130356666616666313838
30383330363964316231383731346261633638616336313163303832633434363437356336323562
34386664393265643562636635336364373064646661326661333534646436373831643362663030
63306163633764336432356435323338653939363339386437393539653536666635336334653661
65333036666631383631303836363235373332303533316266646464386364623337393431353865
37656566656561636561653533333831323832306432613536653463383262303930396565353738
34613838666330356563383939346363346635303131376537363038346138643931333839393837
35313230313265313333343266613234323034613536363632386333636131343266633362343031
63303631346435343362626437653762613865356665633162343138356135373537626331626235
32393331346239666535393736346433633762396361643235633436613262666234633336346138
62636432393761643834373365333036663964316564333039313466373639306537363062623636
38646339303638343937613131356363336534653462656135353865316561663234343339356637
32663538646334313231343137356638666235356362393230623366663237353033636234326430
62333763393466616463623130373133653366313134376630383233643831653334333739356266
61626537333438613630663665343831626164313461316666616561393561656637353166643832
30656237383333636563373836613232373563623235323835656365393038646439323835346135
31363762326266313862346532316532343263356536626134323865333131643333356539636635
38636637333739306566303338333339333336653765383330383430393430623732343439363564
38626336666536356136616239353039306533666264666166313063373333666438313732316635
38616131383536383333663836343031643438323730336464363330636434393133663634373035
37386230613261386164313331613731303534366230333363323462363561356235626533636238
63623439643964336436663537336562613836396331386666653534336631646463323632363233
30353838323936653032666632346633306636333034346637623238316338626565346363663662
65383162343966376230623930333039373935376536633561306335366563383738353139643665
66313466323661316634636430616661643766313034623466616134346131386338653633626266
39366566313565656665393836353835346466353034383561366362396435303135333737373366
66373334613139326562326337656534366432306262633036373638323237353066663935626332
39616630356364613231393733383862623561303335663136626336613334666131373032343638
36656630326132616638376238336461626164313032613162633034613164623530326430303836
62353039396437646234623639656538333939343665316239323333636463346136643335343866
65366438333636376165616439363237323139323137633632326436323631346130623436633734
37633032316265353635623434383665326636363237323034343263633432626562613438326365
34336336326663366236343465346139353431356131626131663936316262343363373939353531
61616162653936626534643830653264646432313334303436633234613936333934636632373935
31393363393936383033323239343239613330623235323165373536623337613061363265373434
30653836333338643334333063333433643164643932303234366639356430353936333638303163
35626564383565373063623239326266653431363564666138306431386161386330643239373537
64393966323963386465363437316465656231326262633639396134366537393139616131363064
65353630336137326266333434616130313134343037376366626661333535313261366133316665
64623064303563323137356162653666323061643235356564343037366238353461636330323333
33393762323963383662656462376330636331343432376564376433353433653261333931316333
36306264616662636637326239363433303135333662353165636563356435323936306439633435
64626133386563303731616564363236343838643032373231666435646562653665633262383332
31326463316663376637313231323731633661386631616639323332636532623065353634386236
38383230616165393463373539363135356533653230636365663335633235313663656230666436
39303634636434316334623862353538373031343665643234383862313334643835386663363138
37356633346133323138393735366134366462313137343062376335653734643732376362663064
33393031303561303361383166333462336135386364353164326437393236366431643463356362
37656532383634663931356666313938353265623237313962386363313832333163633939313437
63353166656466346233613630343362353131633031373437373261653436323235343233653337
30663932666562666465326564646335626232663133393830316337313633346332656661326665
62616165666337393038383934393339393038626130306161636334623966396234646563346632
64366433333630653135636331306532363834663630333734343261376339376262636635623332
64316438386633626565386636316265343763356665666565373166646666613238616562353436
36356538393335383039623066363232633765343937373732363365623131646639316136376662
37383334393831386234626265313930346164383064383763313736316131303062613663356464
64373737343137306161663064666337303062663830366166633633616366623235643433346663
38633634623339323466376233366661313533343535356433313565353164613239343461343239
36356234646633646535376132306337333339343265663632333965626539356230373335646630
30373233626436613238306330633734363665306632623962346432313562333666646233306363
66653830633061356336383331623764303364613332333064643731643338386439353437663132
37356233613665333466393131326566303031653437376663313436393633363636616139393663
63326132323564353032666230356534386534353233383236333564376664323166336162633361
62393162646362363161336538363238636465363364353336356365643066376531313236393163
38656665313734366366623138636433623663636139326464666332633936373434386462383966
64633733303666313664346639356266663537323732656366303832373763616164353366346236
66333233313961383735353735353539663761313266373337653762626437366534346130383533
62373032333336633835613764393962333565346161366161303966363061636531343930626137
65633730383834626134313562316362366162626330613639613764383461343135653637626466
32666436346630353233646264353165616166666236303730373438313538643964616465663031
64313833366165323263303964656339373564376465323366646166613262343431336234336363
34613161356361353536643233306531373561353533323365643333343564626530393634353363
65613764373937366536373435656539613335646465326637616365333538353939626363316136
65343031326465363236386233343836643430353966653637623535316433336330393339626534
36656232396337396231343733643039646433326436353631373036393337656433323964343037
37663335653266323035663636363661323337396661386266343039663732623361643264303130
33346231376137623262363733376661373633383863393834376131336366656238353537613765
30646362306237303662643135653364653930626465306332643230363333316132306464376533
30643135366139366633623866353837336634623034333763306433396237623139306331313738
62613034616534303731383333353666666431616164326236343532613266653935356235663838
36313162656164316339343363326561636661323433353537303339316433366261306433633866
33346236353031346362643234326266613666386631363334323638343764653866663461633166
30303938333335316134343338663032613739303765393063343736623565356462366436313138
64626662326238353239613936373935323337353061316438323664323235383563666462636561
31306436363562396338366563343863666632656333656465363030656537313162636532613538
65623733663535616164653161336566656262303762366132643935333265663231663133666130
39326130323866393835336163393935616635356530306134323331373661636530356431666134
62303161666433393835636664383634633138666361396636623665336236343933643666363261
39373434393535343139353237656431323832653631613637326534326231343065653366653933
38653265666530626138353862353362633135363630333034323237393634643039646366666339
38346639646566643166343764636662396636613862306632623036373964316462326339393939
33383035623837333861653338663632656632383638666238666133666562613335383237633534
66336430613731363164623263623832643465626638333862363035336532663665666630363839
31353532633664383431333332373936653364656132343639316336353261353034643037326435
33313933313630383135363133616363636332313830316635666532323534613566316633306632
35313264653764366262613836616139333535633039353865343331303238636664653432343830
66366131663734643563613736356539656565333230386630636231323062316334663765363763
39616637386261373937366134646266336335306530373639353931616330396261363961373938
34353730613733343764373637323630343136386639303364343266373034356562363064323032
31343534656461366532633935376661663334613937623633643762633663373065663432643830
30323536643466663566623431393665666535306461323162313334636238383763333735353330
64393662653739333737383164653861636632343531376464616163326434386136323964386664
63366630656537323632313833333636663865616532323039386538613937313338636664643138
35363731383166353134663832656462383232663461613136383164363633313636316439353465
61643638316632626539323765353061323530363938613436396333343833303766643638343231
64623861636461313564383763613931306363616438633937323130326536656631323838636361
33643961653264323766353138313663356564616236656637393031343465363464
