$ANSIBLE_VAULT;1.1;AES256
61363562323766626637313933353835383632376131396665336235633330656639383566633237
6633666130366138386166336131613439343739376331350a616233396639366334306330636437
65363639366233343432326434656238613437643662373339616438383638383965323734383534
6431626136643364370a383238323639323863303166333938323530373635646238393931323763
61303663626534313334643433323532366434356232616236383733393037383836663063363137
66303765666666306630623461303930396664346165626339376465666439366166626233356665
63333531353962336261616534353435663633343334313239393239343935346363383462623438
63633565333739303837666165326230376639323939633037383734396361366466646665373839
36386462366164303364346135643036653839343331333739333531626638636666626363366132
62663035393534396461626230643037383561626137376435316266363032613034616537396561
32366334636235306666646637666635326561313564383830633637616631376461643765656439
63666638346433666134376534623664636262653862613234623035623134383538383561396463
33333565333335383264373461636333373733616266326332383532353533666265373939336233
61326465343637626162613765643639363436363033633362346633386636366335623834366531
31386133623839353939646131636662616162636262643933653062333538353730353936363061
31303633313165613234346363316134633431383564396230323738653261323635363165356433
38396664623739373935393765623435306464653337313230363166636537623135393839626431
31663161383533363666353330623230316330386361373833643363326232353561326539333963
66343137353865623535626561663261393736366136636333646136393264356632656366666165
35316336353537306337616237626130333866626535383436373339326131393831613930653533
62353138333063623231323533376634313738363732633438326130363132343139373830353737
39393764333632623862663839386637323532613262653264666234623535643638333835356264
64386161313130656364663439646164393366373565353334336266386435346466343537623066
31373664316363623030346430616263656532376461383732363037346361306165366335633834
62393061663138346239383335383133623161313862633539653233306138313836383736613931
31653430326261666462633730363637333834356164613964633138333661653332313064663163
31656138313563396135393963653436333065343937663630353532323830376539653462613139
35643531626134323938363262626663373237333536633139323965323230633362376462313365
64333965623062663935373233303165393730396431366134343736613033656262376237663136
35626630346661623237663066333461626166623032393637663261613464386638323465356335
61623261343864303962353665613762383137636132313534643532643335333261636362313661
37383262353433666561373065306165333333363935636536326339323664653461383634626539
36663135666530643362353866386663313538366432613438376264306166643938653536373530
62356466326435623436346334326664323838363561333763323535656531643234383130303737
34613036333635653637383839663834613966356434616439323662353930306439303536376136
39313330646634313734326164613565343133303162343435343765353064666261396631366633
37623631656263653835353539323233646138346365623234393061306235653939366463323866
32663863663864653861393032643731313164366362313666363763613061333864653331366431
30633862356233643634393836343864393830656431643062653134323565636330663535636636
61336535313561323661363333636237643836656132343165333932626636613832363038643865
39613036663236633837653534626366636461393864353764326133626534343866303064653335
35376338616661623661666435373862373033656430646239333565346631633562303566346631
35346465313231303162346161333035656265303331386239326163313337613463333333623136
65616437613139356233313761373162613264333032333164636436303739376534636230333833
33633338666139376534323237663235633836333831366633633766396239356432383865636461
66326338663130303532376361623334366630326432323434623637393933363136316639356665
37356331616535346531393965363439656531306538346262656634373161623963666335663332
38623961633263363435303237343237666638303739666137636632313635626565373366336466
39306266333034316131306638396433633830373466313735306539646535366538656364393432
37313837353261623436616466613538613534316235346562386431386433356134666435376531
37653635666165303337306562393335366364376633306235313331656239343434363538613764
33636666613539623530616630323262343039633462346134383961316232626565623963616235
39376437333138333932343731303864643533656163343331626161303637366663613439303666
61353063363632383565346237393238613230326335616133303436326337633931643363643766
343462376265633335376331346339653035
